0.0
0.0
0.0
0.0
0.0
0.0
0.0
0.0
0.0
0.0
0.0
0.0
0.0
0.0
0.0
0.0
0.0
0.0
0.0
0.0
0.0
0.0
0.0
0.0
0.0
0.0
0.0
0.0
0.0
0.0
0.0
0.0
0.0
0.0
1.5522977028426244
0.0
0.0
0.0
0.0
1.6568837819579199
0.0
0.0
0.0
0.0
0.0
0.0
0.0
0.0
0.0
0.0
0.0
0.0
0.0
0.0
0.0
0.0
0.0
0.0
0.0
0.0
0.0
0.0
1.530900546679075
0.0
0.0
0.0
0.0
0.0
0.0
0.0
0.0
1.6678675084666996
0.0
0.0
0.0
1.6059452473526985
0.0
0.0
0.0
0.0
0.0
0.0
0.0
0.0
0.0
0.0
0.0
0.0
0.0
0.0
0.0
5.406313166934159
0.0
0.0
1.5605460732400191
0.0
0.0
0.0
1.6517927333234381
0.0
