0.0
0.0
0.0
0.0
0.0
0.0
6.243762813839186
0.0
0.0
0.0
6.192813127331031
0.0
0.0
0.0
0.0
4.227325841333943
4.228588517567326
10.291049369376534
0.0
0.0
0.0
0.0
4.175944060981371
0.0
0.0
0.0
0.0
0.0
0.0
0.0
0.0
0.0
0.0
0.0
6.244756202100326
0.0
2.1255782141534083
0.0
0.0
16.816277867828923
0.0
0.0
0.0
4.15985584657204
0.0
0.0
0.0
0.0
0.0
0.0
0.0
4.175944060981371
0.0
0.0
4.082395710098192
0.0
0.0
0.0
0.0
6.150943777827938
0.0
0.0
6.496806670569874
0.0
0.0
0.0
0.0
0.0
0.0
2.124163264296289
0.0
12.654915820575825
4.227325841333943
0.0
0.0
10.696062877557592
0.0
0.0
0.0
0.0
6.363180824833784
0.0
0.0
6.209492346272348
0.0
5.706567370428861
0.0
0.0
0.0
2.1255782141534083
0.0
14.89283108174758
0.0
0.0
4.2200489589371735
0.0
0.0
0.0
8.577789637001846
0.0
