0.0
0.0
0.0
0.0
0.0
0.0
5.295055914431791
0.0
0.0
0.0
5.337573671313423
0.0
0.0
0.0
1.3120815350616641
2.6999009435008747
3.980509804181524
6.609293262078287
0.0
0.0
0.0
0.0
2.55657061084315
0.0
0.0
0.0
0.0
0.0
0.0
0.0
0.0
0.0
0.0
0.0
6.5385703503479835
0.0
1.3557882033212927
0.0
0.0
10.791749026733621
0.0
0.0
0.0
2.6696233980222432
0.0
0.0
0.0
0.0
0.0
0.0
2.5517125488456807
2.55657061084315
0.0
0.0
5.226691368538702
0.0
0.0
0.0
0.0
3.910407543492902
0.0
0.0
4.157634685669441
0.0
0.0
0.0
0.0
0.0
0.0
1.3139995911358608
0.0
8.250987269863101
2.6999009435008747
0.0
0.0
8.026284774775382
0.0
0.0
0.0
0.0
5.439560675928419
0.0
0.0
4.025451957063135
0.0
7.158241235645855
0.0
0.0
0.0
1.3557882033212927
0.0
18.643848152120274
0.0
0.0
2.6998531974186477
0.0
0.0
0.0
11.674705325855568
0.0
