0.0
0.0
0.0
0.0
0.0
0.0
1.9449585491593153
0.0
0.0
0.0
1.9449585491593153
0.0
0.0
0.0
0.48623963728982883
0.9724792745796577
1.4587189118694863
2.3597696150205727
0.0
0.0
0.0
0.0
0.9010507031510863
0.0
0.0
0.0
0.0
0.0
0.0
0.0
0.0
0.0
0.0
0.0
2.6956214183084484
0.0
0.48623963728982883
0.0
0.0
3.8899170983186306
0.0
0.0
0.0
1.383542667591334
0.0
0.4148110658612575
0.0
0.0
0.0
0.0
0.8991939025415903
0.9010507031510863
0.0
0.0
1.8021014063021725
0.0
0.0
0.0
0.0
1.3872903404409151
0.0
0.0
1.4587189118694863
0.0
0.0
0.0
0.0
0.0
0.0
0.48623963728982883
0.0
2.9174378237389726
0.9724792745796577
0.0
0.0
2.7745806808818303
0.0
0.0
0.0
0.0
1.9449585491593153
0.0
0.0
1.4587189118694863
0.0
2.5070550753241605
0.0
0.0
0.0
0.48623963728982883
0.0
6.7874963051840025
0.0
0.0
0.9724792745796577
0.0
0.0
0.0
4.090442449894174
0.0
