0.0
0.0
0.0
0.0
0.0
0.0
5.269827537620128
0.0
0.0
0.0
6.874716128883421
0.0
0.0
0.0
1.6514754525413955
3.495279422739468
5.148878097220859
8.6475149606506
0.0
0.0
0.0
0.0
3.385260186500729
0.0
0.0
0.0
0.0
0.0
0.0
0.0
0.0
0.0
0.0
0.0
6.90069364788396
0.0
1.7703236045372683
0.0
0.0
14.059844453768985
0.0
0.0
0.0
3.4504309355244294
0.0
0.0
0.0
0.0
0.0
0.0
3.306485920176204
3.385260186500729
0.0
0.0
5.17284394773038
0.0
0.0
0.0
0.0
5.11026289357555
0.0
0.0
5.438109663932536
0.0
0.0
0.0
0.0
0.0
0.0
1.7283948466169285
0.0
10.742591062969101
3.495279422739468
0.0
0.0
10.548463562939734
0.0
0.0
0.0
0.0
7.088380059487384
0.0
0.0
5.214871722913634
0.0
9.269513666000448
0.0
0.0
0.0
1.7703236045372683
0.0
23.975402968120836
0.0
0.0
3.5219615438531813
0.0
0.0
0.0
10.479335456736724
0.0
