0.0
0.0
0.0
0.0
0.0
0.0
3.6816426229460077
0.0
0.0
0.0
3.6816426229460077
0.0
0.0
0.0
0.9416106814505266
1.8408213114730039
2.730913466226999
4.5094192355559235
0.0
0.0
0.0
0.0
1.705206203889773
0.0
0.0
0.0
0.0
0.0
0.0
0.0
0.0
0.0
0.0
0.0
4.4304089801852164
0.0
0.9416106814505266
0.0
0.0
7.362233398665761
0.0
0.0
0.0
1.8389421385393168
0.0
0.8277987833599536
0.0
0.0
0.0
0.0
1.7269926859015439
1.705206203889773
0.0
0.0
3.5388189296209602
0.0
0.0
0.0
0.0
2.6598252830707496
0.0
0.0
2.82483204435158
0.0
0.0
0.0
0.0
0.0
0.0
0.8914309153274249
0.0
5.64966408870316
1.8408213114730039
0.0
0.0
5.421806612368613
0.0
0.0
0.0
0.0
3.763245735448383
0.0
0.0
2.7824319929235304
0.0
4.824942039660267
0.0
0.0
0.0
0.9416106814505266
0.0
12.875777639874965
0.0
0.0
1.8398803657272953
0.0
0.0
0.0
7.973575395478363
0.0
